[
  0.12957046926021576,
  0.23931999504566193,
  0.09403304010629654,
  0.06866658478975296,
  -0.18999801576137543,
  -0.2557683289051056,
  0.49760639667510986,
  0.16557496786117554,
  -0.25497981905937195,
  0.20939260721206665,
  0.2834104597568512,
  -0.44164004921913147,
  0.13724182546138763,
  -0.11713466048240662,
  0.10916624218225479,
  0.16189377009868622,
  0.21318797767162323,
  -0.018517283722758293,
  -0.3037162125110626,
  -0.2111893892288208,
  -0.046132419258356094,
  -0.11063507199287415,
  -0.24999390542507172,
  0.07921606302261353,
  0.08160977065563202,
  -0.2446034550666809,
  -0.1417526751756668,
  0.2612821161746979,
  -0.13797543942928314,
  -0.3939804136753082,
  0.011999775655567646,
  -0.13268230855464935,
  0.38765689730644226,
  0.020317720249295235,
  0.06521473079919815,
  0.3082062602043152,
  -0.0318775549530983,
  -0.21896006166934967,
  -0.030767619609832764,
  -0.024698520079255104,
  0.08771029114723206,
  -0.12524396181106567,
  0.09693088382482529,
  0.401246041059494,
  0.07298055291175842,
  -0.03556272014975548,
  -0.01323982048779726,
  0.10486966371536255,
  0.012419898994266987,
  0.2405966967344284,
  0.229279562830925,
  -0.017510270699858665,
  -0.07407353073358536,
  0.16145755350589752,
  0.12913796305656433,
  0.3102724254131317,
  0.0791977122426033,
  0.1085686907172203,
  -0.033706460148096085,
  0.042380716651678085,
  -0.02050301991403103,
  0.09961270540952682,
  -0.7814070582389832,
  0.3739287555217743,
  -0.26472988724708557,
  -0.0795154944062233,
  -0.2399740368127823,
  -0.2287767380475998,
  -0.2478642612695694,
  -0.15472573041915894,
  -0.027848893776535988,
  -0.034126076847314835,
  -0.029789471998810768,
  0.3082943856716156,
  0.15151622891426086,
  -0.14336033165454865,
  0.10322222858667374,
  -0.037395626306533813,
  0.006698491517454386,
  -0.1376698762178421,
  0.2805556356906891,
  0.14242015779018402,
  -0.03845374658703804,
  -0.08301085233688354,
  0.05146158114075661,
  0.02289002202451229,
  0.11741898208856583,
  0.11493372917175293,
  0.08481147885322571,
  -0.047960441559553146,
  -0.2102407068014145,
  0.1760086566209793,
  0.2547277510166168,
  -0.23571467399597168,
  0.2101181298494339,
  0.04036027193069458,
  0.2554713487625122,
  -0.036272868514060974,
  -0.13493965566158295,
  2.558722734451294,
  0.16086946427822113,
  0.088640958070755,
  -0.009700099937617779,
  0.03127335384488106,
  -0.20234324038028717,
  0.025768838822841644,
  -0.10863757133483887,
  0.2976982593536377,
  -0.08905591815710068,
  -0.02878134697675705,
  -0.030552802607417107,
  -0.17338323593139648,
  0.16080401837825775,
  -0.0878625214099884,
  0.09031963348388672,
  0.019065840169787407,
  -0.15922878682613373,
  0.1637219339609146,
  0.13941062986850739,
  -0.3347263038158417,
  0.03439159691333771,
  -0.0791008248925209,
  0.16569040715694427,
  -0.4034901559352875,
  0.016691749915480614,
  -0.8015455603599548,
  0.3240208625793457,
  0.21125049889087677,
  -0.08895812183618546,
  0.1794171780347824,
  0.21647067368030548,
  0.3224441111087799,
  0.1386171579360962,
  0.06484497338533401,
  -0.2439315915107727,
  -0.16061151027679443,
  0.07042041420936584,
  0.11046517640352249,
  -0.10314341634511948,
  -0.24494695663452148,
  -0.08111849427223206,
  0.09884408861398697,
  -0.23335565626621246,
  -0.13604505360126495,
  -0.02641391009092331,
  -0.17457866668701172,
  -0.11587212234735489,
  -0.004747631493955851,
  -0.01832308992743492,
  -0.21519988775253296,
  -0.11275109648704529,
  0.11193984001874924,
  0.04629950225353241,
  0.05532781779766083,
  0.002756397007033229,
  -0.13963355123996735,
  0.2181439846754074,
  0.00028972327709198,
  0.27310270071029663,
  0.1754952073097229,
  -0.13350075483322144,
  -0.04334491118788719,
  -0.10834916681051254,
  -0.2710603177547455,
  -0.24471531808376312,
  -0.12837308645248413,
  -0.07128807157278061,
  0.17994193732738495,
  0.11329194158315659,
  0.25902059674263,
  0.1782156229019165,
  -0.2933572232723236,
  0.07531287521123886,
  0.0962778627872467,
  0.22846539318561554,
  0.10905629396438599,
  0.13369160890579224,
  0.19837050139904022,
  -0.2795123755931854,
  -0.032375186681747437,
  -0.334715873003006,
  0.013106745667755604,
  -0.104422427713871,
  0.22181254625320435,
  0.047780733555555344,
  0.24181020259857178,
  0.01357873622328043,
  -0.04509243369102478,
  0.16854442656040192,
  -0.0572538860142231,
  -0.21901874244213104,
  0.020675132051110268,
  -0.041883934289216995,
  -0.09830785542726517,
  -0.015224345028400421,
  0.009053245186805725,
  0.04625037685036659,
  0.02241833321750164,
  0.19692395627498627,
  0.027655402198433876,
  -0.47561219334602356,
  -0.1669987291097641,
  0.04850076138973236,
  -0.056606560945510864,
  0.34072157740592957,
  -0.29669609665870667,
  0.11738002300262451,
  0.13009102642536163,
  0.2335100620985031,
  -0.05719473958015442,
  0.0063070147298276424,
  0.09025228768587112,
  0.09804106503725052,
  -0.03909995034337044,
  0.033905502408742905,
  -0.26991501450538635,
  0.0028187136631458998,
  0.10020577907562256,
  -0.4971950054168701,
  0.03071427531540394,
  0.03534888103604317,
  -0.16935740411281586,
  -0.017350059002637863,
  -0.7194733619689941,
  0.6356648802757263,
  -0.0701533779501915,
  -0.42071786522865295,
  0.07161711901426315,
  -0.12504200637340546,
  0.07976869493722916,
  0.05686646327376366,
  0.08206082135438919,
  -0.14000843465328217,
  -0.1101357564330101,
  -0.07525090128183365,
  -0.10887584835290909,
  -0.2487315535545349,
  -0.03902211785316467,
  -0.2149362564086914,
  -0.2076585292816162,
  -0.1522798091173172,
  -0.3638734817504883,
  -0.019350172951817513,
  0.5291699767112732,
  0.06117655709385872,
  0.13376806676387787,
  -0.40471625328063965,
  0.3520110845565796,
  -0.1273810714483261,
  0.5337991118431091,
  0.06545539945363998,
  -0.00632496690377593,
  -0.07078175991773605,
  -0.007471998687833548,
  -0.052341360598802567,
  0.0654185563325882,
  -0.11578267812728882,
  0.1709415465593338,
  -0.004901672247797251,
  0.32923415303230286,
  0.3095516860485077,
  -0.4641900360584259,
  -0.16502825915813446,
  0.04764166101813316,
  0.06835305690765381,
  -0.19568854570388794,
  -0.027320338413119316,
  0.32756951451301575,
  -0.10525058954954147,
  0.2814643979072571,
  -0.2984478175640106,
  -0.12174069881439209,
  -0.14008095860481262,
  0.08925528079271317,
  -0.14480286836624146,
  -0.33887991309165955,
  0.044268716126680374,
  -0.16003577411174774,
  0.2670431137084961,
  0.042616914957761765,
  -0.41709259152412415,
  -0.3684782087802887,
  0.04778840020298958,
  0.1451156884431839,
  -0.2551870346069336,
  -0.3447989523410797,
  0.11281681060791016,
  0.3215228021144867,
  -0.18443159759044647,
  0.06380835175514221,
  0.13932858407497406,
  0.3229694664478302,
  -0.06234058737754822,
  -0.23690050840377808,
  0.0035402129869908094,
  -0.16233007609844208,
  0.2626595199108124,
  -0.12964831292629242,
  0.012185636907815933,
  0.14693458378314972,
  0.28473201394081116,
  -0.34575149416923523,
  -0.026748521253466606,
  -0.14958500862121582,
  0.14815346896648407,
  -0.12083712220191956,
  -0.12788492441177368,
  -0.01870580203831196,
  0.16628824174404144,
  -0.06307009607553482,
  -0.4497544765472412,
  0.1920112818479538,
  0.13409478962421417,
  -0.00024458268308080733,
  0.024497443810105324,
  0.19365663826465607,
  0.0024789508897811174,
  0.0716107189655304,
  -0.042480576783418655,
  -0.976365864276886,
  -0.020306460559368134,
  0.10980073362588882,
  -0.3997034728527069,
  -0.01827266253530979,
  0.01783888041973114,
  0.05228891596198082,
  -0.0053275227546691895,
  -0.11959090828895569,
  -0.1704762578010559,
  0.1037847176194191,
  -0.042814046144485474,
  0.13787603378295898,
  -0.23702938854694366,
  -0.13804201781749725,
  0.21115462481975555,
  0.0005987088079564273,
  -0.1849927455186844,
  0.028377579525113106,
  0.11539389938116074,
  -0.1742314100265503,
  0.28959527611732483,
  0.2597186267375946,
  -0.1191943883895874,
  0.028278259560465813,
  0.0934060588479042,
  0.02136206068098545,
  0.05473359301686287,
  -0.4774598181247711,
  0.15704309940338135,
  -0.048113588243722916,
  -0.07797076553106308,
  0.27649226784706116,
  -0.5844111442565918,
  -0.17823904752731323,
  0.1261337548494339,
  0.23064930737018585,
  -0.1204349622130394,
  0.042216744273900986,
  0.1177515983581543,
  -0.1333659440279007,
  0.16479136049747467,
  0.22653205692768097,
  -0.10859442502260208,
  -0.1506025344133377,
  -0.005838882178068161,
  0.18437914550304413,
  -0.14432211220264435,
  -0.06328990310430527,
  0.09442377090454102,
  -0.11688459664583206,
  -0.12392574548721313,
  0.14459525048732758,
  0.23537872731685638,
  -0.0967697724699974,
  0.09887196868658066,
  0.10256663709878922,
  0.04236513003706932,
  0.048624467104673386,
  -0.015539541840553284,
  0.3099842965602875,
  0.5868973135948181,
  0.15559673309326172,
  -0.2637687921524048,
  -0.13180556893348694
]
