[
  -0.035126980394124985,
  -0.020624293014407158,
  -0.015343423001468182,
  -0.03980357199907303,
  -0.02750781551003456,
  0.02111034281551838,
  -0.022069307044148445,
  -0.019442008808255196,
  -0.00955679826438427,
  -0.013143060728907585,
  0.029583381488919258,
  -0.004725852981209755,
  -0.015198921784758568,
  -0.014069183729588985,
  0.00897879246622324,
  0.01521205808967352,
  0.03838483244180679,
  -0.005753783974796534,
  0.02394782565534115,
  -0.012794943526387215,
  -0.014936191961169243,
  -0.0030887178145349026,
  -0.006890090182423592,
  -0.008466469123959541,
  -0.022726131603121758,
  -0.0001311596715822816,
  0.013464905321598053,
  -0.01697234809398651,
  0.0044926805421710014,
  -0.02233203686773777,
  0.014528960920870304,
  -0.0009466484771110117,
  -0.04495307803153992,
  -0.00971443671733141,
  -0.00978011917322874,
  -0.015724381431937218,
  0.00985236931592226,
  -0.02121543511748314,
  0.015093830414116383,
  -0.005523894913494587,
  0.008295695297420025,
  -0.005077254492789507,
  0.0069426363334059715,
  -0.013307266868650913,
  -0.01827286183834076,
  -0.008387650363147259,
  -0.0022873918060213327,
  0.006390903610736132,
  -0.010141372680664062,
  0.02086075022816658,
  0.021754032000899315,
  0.005208619404584169,
  -0.028085820376873016,
  -0.010916424915194511,
  -0.016368070617318153,
  -0.006683190818876028,
  -0.014305640012025833,
  0.01438445970416069,
  -0.011231700889766216,
  -0.018574999645352364,
  -0.01014794036746025,
  0.004006630275398493,
  -0.0026782024651765823,
  0.01218409650027752,
  0.006101900711655617,
  0.001293944544158876,
  0.02233203686773777,
  -0.0003121969639323652,
  0.0008924604626372457,
  0.00682440772652626,
  0.030161386355757713,
  0.03003002144396305,
  -0.004584636073559523,
  -0.013530587777495384,
  0.024249965324997902,
  -0.011606091633439064,
  -0.00031794418464414775,
  0.004387588705867529,
  -0.006758725270628929,
  -0.008190602995455265,
  0.026417486369609833,
  -0.02664080634713173,
  -0.014844236895442009,
  0.01564556173980236,
  0.002589531010016799,
  0.014502687379717827,
  0.0004934394964948297,
  0.01995433308184147,
  -0.012446826323866844,
  -0.03200049698352814,
  0.006289095617830753,
  0.025721251964569092,
  0.014029773883521557,
  0.01025303266942501,
  -0.011402475647628307,
  0.020913295447826385,
  -0.0030887178145349026,
  0.013221879489719868,
  -0.008991928771138191,
  0.0052184718661010265,
  0.0015911576338112354,
  0.0080329654738307,
  -0.007218502461910248,
  -0.006200424395501614,
  -0.0368347242474556,
  -0.015593016520142555,
  -0.014620915986597538,
  -0.007717689499258995,
  0.017090577632188797,
  -0.00955679826438427,
  -0.006962341256439686,
  0.03686099871993065,
  -0.00252056447789073,
  -0.032289497554302216,
  -0.010706241242587566,
  -0.007100274320691824,
  0.009832664392888546,
  2.6426929252920672e-05,
  -0.019520828500390053,
  -0.02243712916970253,
  0.006896658800542355,
  -0.004768546670675278,
  0.00878831371665001,
  0.0019031494157388806,
  0.017616037279367447,
  0.008078943006694317,
  -0.029583381488919258,
  -0.007047728169709444,
  0.008111784234642982,
  0.0017126702005043626,
  0.04308769479393959,
  0.012335166335105896,
  0.006239833775907755,
  -0.008046101778745651,
  -0.0326835922896862,
  0.030003748834133148,
  -0.024315647780895233,
  0.027665453031659126,
  -0.021793441846966743,
  -0.03305141627788544,
  -0.010594581253826618,
  0.03714999929070473,
  -0.0023202330339699984,
  -0.021333664655685425,
  -0.01379331760108471,
  -0.010745651088654995,
  0.017721127718687057,
  -0.002599383471533656,
  -0.0038292875979095697,
  -0.002241414040327072,
  0.0028046411462128162,
  -0.0008275990257970989,
  0.022831223905086517,
  -0.0015353275230154395,
  0.028716372326016426,
  0.02260790392756462,
  -0.007941009476780891,
  -0.010614286176860332,
  -0.009491115808486938,
  -0.0062792436219751835,
  0.0008743978105485439,
  -0.004315337631851435,
  0.02313336357474327,
  -0.0063547780737280846,
  -0.005073970183730125,
  0.020243335515260696,
  0.020808205008506775,
  0.029557108879089355,
  0.011895094066858292,
  -0.0006933605181984603,
  0.010798197239637375,
  0.022095579653978348,
  -0.0305554810911417,
  0.005021424498409033,
  -0.0033481635618954897,
  0.014923055656254292,
  0.010417238809168339,
  0.01585574634373188,
  -0.0316326729953289,
  -0.04300887510180473,
  -0.016433753073215485,
  0.014397596009075642,
  0.03581007942557335,
  0.038831472396850586,
  -0.006916363257914782,
  0.010614286176860332,
  0.031448762863874435,
  0.005172493867576122,
  0.018627546727657318,
  -0.025681842118501663,
  0.016460025683045387,
  0.026522578671574593,
  0.012512508779764175,
  -0.009011633694171906,
  -0.6990715861320496,
  -0.026614533737301826,
  -0.007789940107613802,
  -0.0050542657263576984,
  0.015093830414116383,
  0.04991867020726204,
  0.029635926708579063,
  0.022568494081497192,
  -0.02365882322192192,
  0.018259724602103233,
  -0.010870447382330894,
  0.006184003781527281,
  0.014029773883521557,
  -0.013202175498008728,
  8.856869681039825e-05,
  0.0036979226861149073,
  0.001972115831449628,
  -0.0036420924589037895,
  -0.01129081565886736,
  0.008473037742078304,
  -0.005205335095524788,
  -0.00504112895578146,
  -0.025629296898841858,
  0.026233576238155365,
  0.009891779161989689,
  -0.005625702906399965,
  0.0004827661032322794,
  -0.01072594616562128,
  -0.024525832384824753,
  0.01380645390599966,
  -0.009753845632076263,
  0.00798041932284832,
  0.0039672208949923515,
  -0.015474787913262844,
  0.05590891093015671,
  0.001845677150413394,
  -0.009819528087973595,
  0.02218753658235073,
  0.0006941815372556448,
  0.05643437057733536,
  0.0014285935321822762,
  -0.016223568469285965,
  -3.353397551109083e-05,
  0.001817762153223157,
  0.005195482634007931,
  0.010016575455665588,
  -0.009188976138830185,
  -0.001672439742833376,
  0.011494430713355541,
  -0.003236503340303898,
  0.007704552728682756,
  -0.00932690966874361,
  -0.004522237461060286,
  0.01538283284753561,
  0.004213530104607344,
  -0.002809567376971245,
  0.015527334064245224,
  -0.02268672175705433,
  -0.002712685614824295,
  0.022673586383461952,
  0.001101823290809989,
  0.002793146762996912,
  -0.015133239328861237,
  -0.019586510956287384,
  -0.014121729880571365,
  0.016223568469285965,
  -0.020913295447826385,
  -0.01463405229151249,
  0.004108438268303871,
  -0.00827599037438631,
  -0.010220191441476345,
  0.018364816904067993,
  -0.02992493100464344,
  -0.011500999331474304,
  -7.286648178705946e-05,
  0.02436819300055504,
  0.021373072639107704,
  -0.0010361408349126577,
  -0.005385961849242449,
  0.007895031943917274,
  -0.0034943069331347942,
  -0.007382708601653576,
  0.0021937943529337645,
  -0.009445138275623322,
  0.025314021855592728,
  -0.021990489214658737,
  -0.03294632211327553,
  0.016604525968432426,
  -0.003546853084117174,
  -0.006344926077872515,
  0.011849116533994675,
  0.028690099716186523,
  0.013661952689290047,
  -0.02191166952252388,
  0.003052592510357499,
  0.007303889840841293,
  -0.014647189527750015,
  0.006716032046824694,
  -0.0006391724455170333,
  -0.018496181815862656,
  -0.004663454834371805,
  0.003425340401008725,
  -0.003904822515323758,
  -0.008886837400496006,
  0.01865381933748722,
  -0.004308769479393959,
  -0.0137013616040349,
  0.02876891940832138,
  0.02695608325302601,
  -0.017905039712786674,
  0.002601025626063347,
  -0.005333416163921356,
  -0.003445045091211796,
  0.010936129838228226,
  0.009438569657504559,
  -0.032079316675662994,
  -0.013412359170615673,
  0.032499682158231735,
  0.02386900782585144,
  -0.01659139059484005,
  0.003169178729876876,
  -0.004302201326936483,
  0.020006878301501274,
  -0.012315461412072182,
  -0.0020131675992161036,
  0.021570120006799698,
  -0.009188976138830185,
  -0.0035895465407520533,
  -0.025261474773287773,
  0.0062989480793476105,
  0.008289126679301262,
  -0.0032726286444813013,
  0.02170148491859436,
  -0.020387835800647736,
  0.013438631780445576,
  -0.0080329654738307,
  0.003385931020602584,
  -0.015619290061295033,
  -0.0035895465407520533,
  -0.011560113169252872,
  -0.007796508260071278,
  -0.0009556798613630235,
  0.00463061360642314,
  -0.00556658860296011,
  0.007514073979109526,
  -0.02803327515721321,
  -0.030082568526268005,
  -0.0126504423096776,
  -0.007251343689858913,
  0.003717627376317978,
  0.0025813207030296326,
  -0.003540284698829055,
  -0.009701299481093884,
  0.020282745361328125,
  0.03194795176386833,
  -0.017208805307745934,
  -0.0013267857721075416,
  -0.02170148491859436,
  -0.009294068440794945,
  2.4246064640465192e-05,
  0.001183926360681653,
  0.025103837251663208,
  -0.021898532286286354,
  0.0018916549161076546,
  0.003622387768700719,
  -0.030003748834133148,
  -0.004390872549265623,
  0.02103152498602867,
  0.0013858999591320753,
  -0.039540842175483704,
  0.017064303159713745,
  -0.017550354823470116,
  -0.005215187557041645,
  0.0029277957510203123,
  0.02103152498602867,
  0.0006921289605088532,
  -0.006282527465373278,
  0.006256254389882088,
  0.0028144936077296734,
  -0.03273614123463631,
  0.00506740203127265,
  0.0033793626353144646,
  -0.009202113375067711,
  0.009760414250195026,
  0.01991492323577404,
  0.009688163176178932,
  0.016932938247919083,
  0.027639180421829224,
  -0.014620915986597538,
  0.006206992547959089,
  0.008111784234642982,
  0.014200548641383648,
  -0.016354933381080627,
  -0.0038752653636038303,
  0.0016428825911134481,
  0.011448453180491924,
  0.0028571870643645525,
  0.008367945440113544,
  0.005202051252126694,
  0.022423991933465004,
  0.034732885658741,
  0.008335104212164879,
  0.03930438682436943,
  -0.005589577369391918,
  -0.0027471689973026514,
  -0.03205304220318794,
  0.003605967154726386,
  -0.00927436351776123,
  0.02121543511748314,
  0.020217062905430794,
  0.00028243460110388696,
  -0.018890276551246643,
  0.00492618465796113,
  0.003137979656457901,
  0.019034776836633682,
  0.018154632300138474,
  -0.00810521561652422,
  0.013077378273010254,
  -0.019717875868082047,
  0.006561677902936935,
  0.008991928771138191,
  -0.014423868618905544,
  0.012131551280617714,
  -0.0023891995660960674,
  0.011546976864337921,
  0.017458397895097733,
  0.01854872703552246,
  0.03131739795207977,
  0.013379517942667007,
  -0.0033120382577180862,
  -0.007317026145756245,
  -0.0033235326409339905,
  0.003100212197750807,
  0.0012750608148053288,
  -0.011028085835278034,
  0.003210230264812708,
  0.0066437809728085995,
  -0.022739268839359283,
  0.027323905378580093,
  -0.00817089807242155,
  0.0035895465407520533,
  0.02800700254738331,
  0.03284123167395592,
  -0.024341920390725136,
  0.005737363360822201,
  0.024841107428073883,
  0.01416113879531622,
  0.005950831342488527,
  0.0202696081250906,
  0.02460465021431446,
  0.00541551923379302,
  0.011218564584851265,
  -0.005625702906399965,
  0.011409043334424496,
  0.012558487243950367,
  -0.012085572816431522,
  -0.017038030549883842,
  -0.003546853084117174,
  0.009405728429555893,
  0.018535591661930084,
  7.414934225380421e-05,
  0.01991492323577404,
  0.019625920802354813,
  -0.023146500810980797,
  0.01581633649766445,
  -0.0031576843466609716,
  -0.002835840219631791,
  -0.0014926339499652386,
  0.0007323594763875008,
  0.0012290830491110682,
  -0.003881833516061306,
  -0.0028391245286911726,
  0.025681842118501663,
  -0.020203925669193268,
  0.028637554496526718,
  0.015172649174928665,
  -0.0051298001781105995,
  -0.0007422118214890361,
  -0.0053925300016999245,
  -0.0044204299338161945,
  -0.02218753658235073,
  -0.035337164998054504,
  0.01694607548415661,
  0.018456771969795227,
  -0.0048112403601408005,
  -0.025077564641833305,
  -0.03404979035258293,
  0.007881895639002323,
  0.003757036989554763,
  0.007238207384943962,
  -0.006551825441420078,
  0.0171168502420187,
  0.03129112347960472,
  -0.023120226338505745,
  -0.0031724630389362574,
  0.003891685977578163,
  0.04232577979564667,
  -0.00878831371665001,
  0.0027865783777087927,
  0.010542035102844238,
  -0.002105122897773981,
  -0.0002770978899206966,
  0.0017093861242756248,
  -0.004913048353046179,
  -0.006180719938129187,
  0.021583257243037224,
  -0.008374514058232307,
  -0.022765541449189186,
  -0.007290753535926342,
  0.02365882322192192,
  -0.0012216938193887472,
  0.02624671161174774,
  -0.013964091427624226,
  0.010344987735152245,
  0.0015098756412044168,
  0.009996870532631874,
  -0.006105185020714998,
  -0.0008341672946698964,
  0.023645685985684395,
  -0.0117243193089962,
  -0.02082134038209915,
  -0.0012011680519208312,
  -0.014463278464972973,
  0.00034688549931161106,
  0.05364943668246269,
  0.021189162507653236,
  0.0015254751779139042,
  -0.0024844391737133265,
  0.008834291249513626,
  0.020151380449533463,
  0.0053990986198186874,
  -0.02086075022816658,
  -0.014371322467923164,
  -0.01385900005698204,
  0.00922181736677885,
  -0.013543724082410336,
  -0.005806329660117626,
  -0.0009450064389966428,
  0.00955679826438427,
  -0.000922838575206697,
  0.022410856559872627,
  0.0006153626018203795,
  0.007500937208533287,
  -0.007540346588939428,
  -0.0038719812873750925,
  0.011218564584851265,
  0.01072594616562128,
  0.023671960458159447,
  0.011560113169252872,
  0.015868883579969406,
  0.024249965324997902,
  0.024447012692689896,
  0.007021455094218254,
  -0.027350177988409996,
  -0.005083822645246983,
  0.002628940623253584,
  0.014134866185486317,
  0.009858937934041023,
  -0.004853934049606323,
  0.028611280024051666,
  -0.01095583476126194,
  0.009832664392888546,
  0.017931312322616577,
  -0.006453301757574081,
  0.003826003521680832,
  0.015448515303432941,
  0.007323594763875008,
  -0.01433191355317831,
  0.021465029567480087,
  -0.021018387749791145,
  -0.016538843512535095,
  0.030634300783276558,
  -0.00649271160364151,
  -0.01071280986070633,
  0.028611280024051666,
  0.0005587114719673991,
  -0.01032528281211853,
  -0.011047789826989174,
  -0.006006661336869001,
  0.01066026370972395,
  -0.01848304457962513,
  -0.005152789410203695,
  -0.0052644493989646435,
  0.014528960920870304,
  -0.015146375633776188,
  -0.01663080044090748,
  0.01216439250856638,
  -0.0080329654738307,
  -0.020072560757398605,
  -0.031133487820625305,
  -0.029846111312508583,
  -0.012361439876258373,
  -0.01589515618979931,
  0.0033383111003786325,
  -0.01473914459347725,
  -0.0007479590713046491,
  -0.018285997211933136,
  -0.010936129838228226,
  0.006072343792766333,
  0.011310519650578499,
  0.004732421599328518,
  -0.008433627896010876,
  0.023882143199443817,
  0.008676653727889061,
  -0.012998559512197971,
  -0.03194795176386833,
  -0.001970473909750581,
  -0.019034776836633682,
  0.0137013616040349,
  0.012111846357584,
  -0.01108063105493784,
  -0.008249717764556408,
  -0.0034023516345769167,
  0.001527117216028273,
  0.02622043900191784,
  0.010213622823357582,
  0.003147832117974758,
  -0.007487800903618336,
  -0.0011322014033794403,
  -0.011455021798610687,
  0.016052793711423874,
  0.005576441064476967,
  -0.01282778475433588,
  -0.013182470574975014,
  0.006811271421611309,
  -0.0004991867463104427,
  0.0043120537884533405,
  -0.008965656161308289,
  0.01575065404176712,
  0.0003830108616966754,
  0.008184035308659077,
  0.01663080044090748,
  -0.018220314756035805,
  -0.013661952689290047,
  0.03150130808353424,
  -0.010837606154382229,
  0.009320341050624847,
  -0.0030213932041078806,
  -0.00036884809378534555,
  0.017169395461678505,
  0.0002791504666674882,
  0.019928058609366417,
  0.000971279398072511,
  -0.030608028173446655,
  0.004663454834371805,
  -0.039856117218732834,
  0.033970970660448074,
  -0.009241522289812565,
  0.004039471503347158,
  0.0017832788871601224,
  0.01311021950095892,
  -0.016814710572361946,
  -0.007494369056075811,
  -0.0008965656161308289,
  -0.008019829168915749,
  0.023107090964913368,
  0.011113472282886505,
  -0.012322030030190945,
  -0.022870633751153946,
  -0.01275553461164236,
  -0.02250281162559986,
  0.006765293888747692,
  -0.00016985074034892023,
  -0.032079316675662994,
  -0.018299134448170662,
  -0.006683190818876028,
  0.0019146437989547849,
  -0.006587950978428125,
  -0.02292317897081375,
  -0.04505816847085953,
  -0.014121729880571365,
  0.015343423001468182,
  -0.013182470574975014,
  0.0069886138662695885,
  -0.005149505101144314,
  0.002046008827164769,
  -0.025011882185935974,
  -0.03510070964694023,
  -0.012611032463610172,
  -0.03173776715993881,
  -0.015882018953561783,
  -0.0005541957798413932,
  0.035232074558734894,
  0.026929810643196106,
  0.02170148491859436,
  0.005602714139968157,
  0.007139683701097965,
  0.005021424498409033,
  0.013898408971726894,
  0.01321531180292368,
  -0.00687695387750864,
  0.009688163176178932,
  -0.014870509505271912,
  0.024736015126109123,
  0.0263518039137125,
  0.01795758493244648,
  0.004857218358665705,
  0.0026634237729012966,
  0.018680091947317123,
  0.012735829688608646,
  -0.005044413264840841,
  -0.016052793711423874,
  -0.008341672830283642,
  -0.029241831973195076,
  -0.008459901437163353,
  -0.012525646016001701,
  -0.016118476167321205,
  0.011014948599040508,
  0.0067258840426802635,
  -0.012722693383693695,
  0.03257850185036659,
  0.017983857542276382,
  0.03969848155975342,
  0.005494337994605303,
  0.02205617167055607,
  0.005996808875352144,
  0.02624671161174774,
  0.006338357459753752,
  0.010299010202288628,
  0.015973975881934166,
  -0.005849023349583149,
  -0.005701237823814154,
  -0.003786593908444047,
  0.016880393028259277,
  -0.0002789451973512769,
  0.006312084849923849,
  -0.013464905321598053,
  0.007271048612892628,
  -0.01596083864569664,
  0.01665707305073738,
  -0.004206961952149868,
  -0.01806267723441124,
  -0.013044537045061588,
  -0.007225071080029011,
  -0.016565117985010147,
  -0.014358186163008213,
  -0.0010689820628613234,
  -0.024775424972176552,
  0.012039595283567905,
  -0.004955742042511702,
  -0.018404226750135422,
  0.022213809192180634,
  -0.016749028116464615,
  -0.03150130808353424,
  0.004111722111701965,
  -0.014476414769887924,
  0.030502935871481895,
  -0.010055985301733017,
  0.016157886013388634,
  0.012709556147456169,
  -0.02653571590781212,
  -0.026233576238155365,
  -0.005464781075716019,
  0.00270775961689651,
  -0.0004720927099697292,
  0.017458397895097733,
  0.0018883708398789167,
  -0.004213530104607344,
  -0.02174089476466179,
  0.008742336183786392,
  0.0006362988497130573,
  0.007185661233961582,
  -0.016683345660567284,
  0.008197171613574028,
  0.012138118967413902,
  -0.008742336183786392,
  -0.023580003529787064,
  -0.0031741049606353045,
  -0.02428937517106533,
  0.010745651088654995,
  0.00873576756566763,
  0.004949173424392939,
  -0.009372887201607227,
  -0.0126504423096776,
  -0.00495245773345232,
  0.022134989500045776,
  -0.02979356423020363,
  0.012381143867969513,
  0.022489674389362335,
  -0.016565117985010147,
  -0.011409043334424496,
  0.011211995966732502,
  -0.023080818355083466,
  0.022358309477567673,
  0.009090452454984188,
  0.011875389143824577,
  -0.019034776836633682,
  0.02365882322192192,
  0.011067494750022888,
  -0.0021937943529337645,
  -0.022095579653978348,
  -0.0011798212071880698,
  0.000304397166473791,
  0.029346924275159836,
  -0.00760602904483676,
  0.0001675929088378325,
  -0.0019162858370691538,
  0.012170960195362568,
  0.0067061795853078365,
  -0.0016896813176572323,
  -0.010752218775451183,
  -0.022660449147224426,
  -0.025327157229185104,
  -0.001720880507491529,
  0.039251841604709625,
  0.019770421087741852,
  -0.017970722168684006,
  -0.01959964632987976,
  -0.016683345660567284,
  -0.02491992712020874,
  -0.026272984221577644,
  0.003973789047449827,
  0.0016995337791740894,
  0.002543553477153182,
  -0.022253219038248062,
  -0.025918299332261086,
  0.0036125355400145054,
  0.017458397895097733,
  0.017839357256889343,
  -0.00967502687126398,
  -0.011323656886816025,
  0.01718253269791603,
  -0.020834477618336678,
  0.010883583687245846,
  -0.00650256359949708,
  -0.001913001760840416,
  -0.04371824860572815,
  0.018811456859111786,
  -0.005169210024178028,
  -0.018561864271759987,
  0.008151194080710411,
  -0.008564992807805538,
  -0.034837979823350906,
  -0.007586324587464333,
  0.010062552988529205,
  0.014949328266084194,
  0.0234486386179924,
  -0.008026396855711937,
  0.021964214742183685,
  0.00845333281904459,
  -0.003445045091211796,
  -0.0034220563247799873,
  -0.02229262702167034,
  0.009116725996136665,
  -0.0244732853025198,
  0.0067324526607990265,
  -0.0086963577196002,
  0.00042980961734429,
  0.018850866705179214,
  -0.015028147958219051,
  0.024052917957305908,
  -0.003080507507547736,
  -0.020466655492782593,
  -0.020138243213295937,
  -0.007028023712337017,
  0.02170148491859436,
  -0.011730887927114964,
  0.017563490197062492,
  -0.003454897552728653,
  -0.006673338357359171,
  -0.022253219038248062,
  0.010975539684295654,
  0.004896627739071846,
  -0.008578130044043064,
  0.016394343227148056,
  0.0036420924589037895,
  -0.011888525448739529,
  0.005901569500565529,
  -0.0051100957207381725,
  -0.017865629866719246,
  0.0013185754651203752,
  -0.029215559363365173,
  -0.005615850444883108,
  0.002573110396042466,
  -0.005789909046143293,
  0.018850866705179214,
  0.013911545276641846,
  -0.03328787162899971,
  -0.021832849830389023,
  0.0069426363334059715,
  -0.022345174103975296,
  -0.006798135116696358,
  0.0019277803367003798,
  0.015514197759330273,
  0.029872383922338486,
  0.006318653002381325,
  0.0062792436219751835,
  0.019941195845603943,
  0.00705429632216692,
  0.016814710572361946,
  -0.0038062988314777613,
  -0.01718253269791603,
  0.007146251853555441,
  -0.0050017195753753185,
  0.015501061454415321,
  0.0030213932041078806,
  -0.03515325486660004,
  -0.01998060569167137,
  0.019783558323979378,
  -0.0034844547044485807,
  -0.012965718284249306,
  0.023369820788502693,
  -0.006975477561354637,
  -0.002507427940145135,
  -0.015671836212277412,
  0.010515762493014336,
  0.0007504221284762025,
  0.00048810281441546977,
  0.008512447588145733,
  -0.009970597922801971,
  -0.007297321688383818,
  0.022253219038248062,
  -0.024066055193543434,
  -0.0002424093399895355,
  -0.008243149146437645,
  0.000572258431930095,
  -0.0062726750038564205,
  0.0033218904864042997,
  -0.027534088119864464,
  -0.006791566498577595,
  0.015987111255526543,
  -0.025366567075252533,
  0.013950955122709274,
  0.0055633047595620155,
  -0.026614533737301826,
  0.03841110318899155,
  -0.017169395461678505,
  -0.0030312456656247377,
  -0.02677217125892639,
  0.0072053661569952965,
  -0.009497684426605701,
  -0.015842610970139503,
  0.02149130217730999,
  -0.008959087543189526,
  -0.00913643091917038,
  -0.009983734227716923,
  -0.005313711240887642,
  -0.0331827811896801,
  -0.0006510774255730212,
  -0.03315650671720505,
  -0.0007282543228939176,
  -0.019507691264152527,
  0.03273614123463631,
  -0.002505786018446088,
  0.0026043097022920847,
  0.002574752550572157,
  -0.008302262984216213,
  -0.01728762499988079,
  -0.008446765132248402,
  -0.007448391057550907,
  0.020217062905430794,
  0.013221879489719868,
  -0.010588012635707855,
  -0.0010221833363175392,
  -0.00374061637558043,
  -0.026299258694052696,
  -0.006791566498577595,
  0.01827286183834076,
  -0.0007553483010269701,
  0.020217062905430794,
  0.19652192294597626,
  -0.003944231662899256,
  0.0016395985148847103,
  0.04337669909000397,
  0.012315461412072182,
  0.0021773737389594316,
  0.01602652110159397,
  0.0223714467138052,
  -0.016788437962532043,
  0.022174399346113205,
  -0.02618102915585041,
  0.010036280378699303,
  -0.019928058609366417,
  0.003783309832215309,
  0.014594643376767635,
  0.0014565086457878351,
  -0.03433879092335701,
  -0.006390903610736132,
  -0.02656198851764202,
  -0.007172524929046631,
  -0.011560113169252872,
  -0.006909795105457306,
  -0.014358186163008213,
  -0.00318888365291059,
  0.030634300783276558,
  0.007336731068789959,
  0.005796477198600769,
  0.006430312991142273,
  0.015934566035866737,
  0.0055830092169344425,
  -0.011947640217840672,
  -0.03136994317173958,
  0.01642061583697796,
  0.008729198947548866,
  -0.0001354700798401609,
  2.33993778238073e-05,
  -0.00822344422340393,
  0.00401648273691535,
  0.015934566035866737,
  -0.004269360098987818,
  -0.004216813948005438,
  0.010351556353271008,
  0.01490991935133934,
  -0.014542097225785255,
  -0.017103713005781174,
  0.005077254492789507,
  0.015356560237705708,
  -0.029635926708579063,
  0.002049292903393507,
  0.012151255272328854,
  -0.018706364557147026,
  0.0026864127721637487,
  0.02761290781199932,
  0.027139993384480476,
  -0.008676653727889061,
  -0.002806283300742507,
  0.008282558992505074,
  -0.008663516491651535,
  -0.010358124040067196,
  0.00026457716012373567,
  -0.007520642131567001,
  0.023474913090467453,
  -0.00937945581972599,
  0.008860563859343529,
  -0.01293287705630064,
  0.013011695817112923,
  -0.011100335977971554,
  -0.0072316392324864864,
  -0.0023744211066514254,
  -0.022883770987391472,
  -0.007336731068789959,
  -0.044296253472566605,
  0.011717751622200012,
  -0.013596270233392715,
  -0.027455270290374756,
  -0.0029212275985628366,
  0.03517952561378479,
  0.021228572353720665,
  0.01642061583697796,
  0.016460025683045387,
  0.017655445262789726,
  0.005077254492789507,
  -0.006128173787146807,
  -0.0274027232080698,
  -0.011803139001131058,
  -0.02729763090610504,
  0.015356560237705708,
  0.002412188332527876,
  -0.01135649811476469,
  0.006246402394026518,
  -0.006338357459753752,
  -0.0263255313038826,
  -0.008433627896010876,
  -0.006830976344645023,
  0.002367852721363306,
  0.02279181405901909,
  -0.00021449429914355278,
  0.02155698463320732,
  0.0012627453543245792,
  0.014975601807236671,
  -0.01490991935133934,
  -0.01621043123304844,
  -0.0055567361414432526,
  0.01892968639731407,
  -0.004761978518217802,
  0.024788562208414078,
  0.001991820754483342,
  0.011047789826989174,
  -0.009202113375067711,
  -0.021399347111582756,
  -0.000787779048550874,
  -0.03215813264250755,
  0.022213809192180634,
  -0.006469722371548414,
  0.0234223660081625,
  0.013898408971726894,
  0.0002781241782940924,
  -0.006450017914175987,
  0.014029773883521557,
  -4.500275099417195e-05,
  0.008617538958787918,
  -0.015671836212277412,
  0.008341672830283642,
  0.014016637578606606,
  -0.010594581253826618,
  -0.02113661728799343,
  -0.03244713693857193,
  -0.0010656979866325855,
  0.003330100793391466,
  -0.024236828088760376,
  0.007809645030647516,
  -0.009405728429555893,
  0.021648939698934555,
  -0.009872074238955975,
  -0.016368070617318153,
  0.0010344987967982888,
  0.007034591864794493,
  -0.0005878580268472433,
  -0.012322030030190945,
  0.014673462137579918,
  -0.003458181628957391,
  -0.019100459292531013,
  0.01363567914813757,
  0.00838108267635107,
  0.002642077160999179,
  -0.02929437905550003,
  0.032604776322841644,
  -0.02729763090610504,
  0.00410515395924449,
  -0.008985361084342003,
  -0.025471659377217293,
  -0.007553483359515667,
  -0.005215187557041645,
  0.008374514058232307,
  0.032920051366090775,
  -0.013064241968095303,
  -0.04976103454828262,
  -0.022739268839359283,
  -0.0019080755300819874,
  0.002004957292228937,
  -0.02121543511748314,
  0.00705429632216692,
  0.02464406006038189,
  -0.013313835486769676,
  0.0017011758172884583,
  -0.023146500810980797,
  -0.17087949812412262,
  0.017983857542276382,
  0.007789940107613802,
  -0.01581633649766445,
  0.016368070617318153,
  -0.004827660974115133,
  0.03341923654079437,
  -0.01684098318219185,
  0.00019417378643993288,
  0.015882018953561783,
  0.01942887343466282,
  0.0021428903564810753,
  -0.03402351588010788,
  -0.017248215153813362,
  -0.0009778476087376475,
  -0.010351556353271008,
  -0.010299010202288628,
  0.008078943006694317,
  0.01527774054557085,
  0.041143495589494705,
  0.03276241198182106,
  -0.025983981788158417,
  0.019244961440563202,
  -0.01959964632987976,
  0.025878889486193657,
  0.0032430714927613735,
  -0.004423713777214289,
  0.028164640069007874,
  0.019888650625944138,
  -0.005793193355202675,
  0.005960683338344097,
  -0.01875891163945198,
  0.02334354817867279,
  0.012742397375404835,
  -0.0007545272819697857,
  0.011809706687927246,
  -0.009596208110451698,
  -0.031422488391399384,
  -0.0062989480793476105,
  0.022029897198081017,
  0.026312394067645073,
  0.0163417961448431,
  0.004518953617662191,
  -0.005458212457597256,
  -0.01188195776194334,
  0.02874264493584633,
  0.029583381488919258,
  0.011822842992842197,
  0.008308831602334976,
  -0.024736015126109123,
  0.0071790930815041065,
  -0.020348427817225456,
  0.020414110273122787,
  0.0013588059227913618,
  0.015067556872963905,
  0.012098710052669048,
  -0.003318606410175562,
  0.01538283284753561,
  0.007704552728682756,
  -0.013366381637752056,
  -0.007520642131567001,
  -0.02082134038209915,
  0.02121543511748314,
  0.0001913001760840416,
  0.015001874417066574,
  -0.040381576865911484,
  -0.01568497158586979,
  0.017839357256889343,
  -0.029951203614473343,
  0.015225195325911045,
  0.0071790930815041065,
  -0.035547349601984024,
  -0.0005357225891202688,
  -0.02233203686773777,
  0.02050606533885002,
  0.00682440772652626,
  -0.016302388161420822,
  0.0026075937785208225,
  -0.011908230371773243,
  0.004535374231636524,
  -0.0173927154392004,
  0.02376391552388668,
  -0.010666832327842712,
  0.00268148654140532,
  0.008013260550796986,
  -0.006039502564817667,
  -0.0031396218109875917,
  -0.009313773363828659,
  -0.0044664074666798115,
  -0.012794943526387215,
  0.020006878301501274,
  -0.018785184249281883,
  -0.01942887343466282,
  -0.018430499359965324,
  0.02296258881688118,
  0.022870633751153946,
  0.0015927996719256043,
  -0.0027373165357857943,
  0.0069886138662695885,
  0.006765293888747692,
  -0.006046070717275143,
  0.0036946386098861694,
  -0.022883770987391472,
  0.007908168248832226,
  0.01669648289680481,
  -0.022804951295256615,
  0.01223007496446371,
  0.023199046030640602,
  0.022765541449189186,
  -0.020151380449533463,
  -0.012913172133266926,
  0.008499310351908207,
  -0.007343299221247435,
  0.01680157333612442,
  0.007001750636845827,
  0.019652193412184715,
  -0.00808551162481308,
  -0.013504314236342907,
  0.023895280435681343,
  -0.01848304457962513,
  0.036598268896341324,
  -0.01375390775501728,
  -0.013964091427624226,
  -0.008197171613574028,
  -0.009950892999768257,
  -0.013885272666811943,
  -0.1127636507153511,
  -0.027113720774650574,
  0.010292441584169865,
  0.011435316875576973,
  -0.008670085109770298,
  0.021543847396969795,
  0.006916363257914782,
  -0.0023514321073889732,
  -0.032394591718912125,
  0.01701175794005394,
  -0.012111846357584,
  -0.02800700254738331,
  -0.028716372326016426,
  -0.007389277219772339,
  0.01655198074877262,
  -0.006702895276248455,
  -0.018154632300138474,
  -0.005707805976271629,
  -0.010450080037117004,
  0.0284273698925972,
  -0.01368822529911995,
  -0.0008091258350759745,
  -0.004942605271935463,
  -0.030923303216695786,
  -0.013543724082410336,
  -0.007074001245200634,
  -0.011592954397201538,
  0.0358363501727581,
  0.0273764505982399,
  0.00304602412506938,
  -0.009064179845154285,
  -0.02260790392756462,
  0.016473161056637764,
  -0.021057797595858574,
  0.0076125976629555225,
  0.021267982199788094,
  -0.03383960574865341,
  0.003983641508966684,
  0.0035008753184229136,
  -0.030818210914731026,
  0.007533778436481953,
  0.024972472339868546,
  0.0006592877325601876,
  -0.039041657000780106,
  -0.0019754001405090094,
  -0.009057611227035522,
  -0.007737393956631422,
  0.0223977193236351,
  0.01300512719899416,
  -0.011520704254508018,
  -0.036913543939590454,
  -0.015395969152450562,
  -0.03389215096831322,
  -0.009655321948230267,
  0.022883770987391472,
  0.00878831371665001,
  0.010338420048356056,
  0.026141619309782982,
  -0.009858937934041023,
  0.01953396387398243,
  -0.0025369850918650627,
  -0.004177404567599297,
  -0.016039658337831497,
  0.03013511374592781,
  -0.011100335977971554,
  -0.015934566035866737,
  -0.0031199168879538774,
  0.0045747836120426655,
  -0.012072436511516571,
  -0.007711121346801519,
  -0.011231700889766216,
  0.004134710878133774,
  -0.019625920802354813,
  -0.0017093861242756248,
  -0.026378076523542404,
  0.022423991933465004,
  -0.028637554496526718,
  -0.016289250925183296,
  0.010338420048356056,
  -0.022279491648077965,
  -0.022489674389362335,
  -0.013609406538307667,
  0.012551918625831604,
  -0.015264604240655899,
  0.023501185700297356,
  -0.0028013570699840784,
  0.0019770420622080564,
  0.0026338668540120125,
  0.010647127404808998,
  -0.013077378273010254,
  -0.013609406538307667,
  0.011093768291175365,
  0.014923055656254292,
  -0.014358186163008213,
  0.020033150911331177,
  0.011225133202970028,
  -0.013596270233392715,
  0.004509101156145334,
  0.016893530264496803,
  0.009523957036435604,
  -0.004479543771594763,
  -0.03013511374592781,
  -0.05596145987510681,
  0.020703112706542015,
  -0.012906603515148163,
  -0.002451597945764661,
  0.021504437550902367,
  0.0001326991041423753,
  0.012991990894079208,
  -0.008617538958787918,
  -0.008650380186736584,
  -0.013517450541257858,
  -0.004115006420761347,
  -0.008374514058232307,
  -0.0050279926508665085,
  0.004633897915482521,
  -0.03189540281891823,
  -0.02096584253013134,
  0.015829473733901978,
  0.022726131603121758,
  0.009090452454984188,
  0.020663702860474586,
  0.014029773883521557,
  -0.005179062020033598,
  0.01363567914813757,
  -0.004824376665055752,
  -0.010292441584169865,
  0.006955772638320923,
  -0.013517450541257858,
  -0.001430235686711967,
  0.0007910631829872727,
  -0.015632426366209984,
  0.007060864940285683,
  -0.04442761838436127,
  0.002312022726982832,
  0.012098710052669048,
  0.010023144073784351,
  -0.0092086810618639,
  0.006798135116696358,
  0.036414358764886856,
  0.0003368278848938644,
  0.017668582499027252,
  -0.018141496926546097,
  -0.012413985095918179,
  -0.01130395196378231,
  -0.019231824204325676,
  -0.009215249679982662,
  0.011553545482456684,
  -0.022174399346113205,
  0.014463278464972973,
  0.02708744816482067,
  -0.0007660217233933508,
  0.018364816904067993,
  0.015934566035866737,
  -0.012716124765574932,
  -0.005307143088430166,
  -0.016749028116464615,
  -0.014975601807236671,
  -0.013819590210914612,
  0.008729198947548866,
  -0.008164330385625362,
  -0.012847489677369595,
  0.021202299743890762,
  0.007494369056075811,
  0.018391089513897896,
  -0.0032447136472910643,
  0.018785184249281883,
  -0.015698108822107315,
  -0.015829473733901978,
  0.019665328785777092,
  0.00268148654140532,
  -0.02803327515721321,
  -0.010502626188099384,
  0.00798041932284832,
  -0.013300699181854725,
  -0.0015336854849010706,
  0.007573187816888094,
  0.013622542843222618,
  -0.008827722631394863,
  0.005326847545802593,
  -0.019520828500390053,
  0.029163014143705368,
  0.012926308438181877,
  -0.012919740751385689,
  -0.03972475230693817,
  0.007461527828127146,
  0.026259848847985268,
  0.019625920802354813,
  -0.007284184917807579,
  0.009083884768188,
  0.010633991099894047,
  0.017550354823470116,
  -0.004561646841466427,
  -0.015461651608347893,
  0.0017980574630200863,
  0.0031051384285092354,
  0.005881864577531815,
  0.01610534079372883,
  0.0012126624351367354,
  -0.0012898393906652927,
  0.016184158623218536,
  0.022673586383461952,
  0.008985361084342003,
  -0.005267733708024025,
  0.006344926077872515,
  -0.012151255272328854,
  0.0014540455304086208,
  0.009596208110451698,
  -0.014975601807236671,
  -0.03383960574865341,
  -0.00687695387750864,
  0.014594643376767635,
  0.012670147232711315,
  0.00596725195646286,
  0.023566868156194687,
  0.021517574787139893,
  -0.01592142879962921,
  0.02191166952252388,
  -0.022883770987391472,
  -0.011803139001131058,
  -0.03181658685207367,
  0.039146747440099716,
  -0.008768608793616295,
  0.02226635441184044,
  0.028059547767043114,
  -0.011783434078097343,
  0.018088949844241142,
  0.0016198937082663178,
  -0.006161015015095472,
  -0.017826220020651817,
  0.020624293014407158,
  0.005720942746847868,
  0.007546915207058191,
  -0.014148002490401268,
  -0.013235016725957394,
  -0.013819590210914612,
  -0.029136739671230316,
  0.002807925222441554,
  -0.008965656161308289,
  0.03349805623292923,
  -0.02593143656849861,
  0.05606655031442642,
  0.0012520719319581985,
  -0.01062085386365652,
  0.026680216193199158,
  0.01852245442569256,
  0.013622542843222618,
  0.010752218775451183,
  -0.007789940107613802,
  -0.041143495589494705,
  -0.0006913079414516687,
  -1.105184401239967e-05,
  -0.01108063105493784,
  0.0023284433409571648,
  -0.01326785795390606,
  -0.016670208424329758,
  0.004387588705867529,
  -0.011835980229079723,
  0.013675088994204998,
  -0.018535591661930084,
  -0.0015279382932931185,
  0.007625733967870474,
  0.001499202218838036,
  0.005248028784990311,
  -0.002817777683958411,
  -0.026759035885334015,
  -0.023882143199443817,
  0.01938946358859539,
  7.974261825438589e-05,
  -0.021727759391069412,
  -0.01690666563808918,
  -0.001286555198021233,
  0.015474787913262844,
  -0.02243712916970253,
  -0.011074063368141651,
  0.018890276551246643,
  -0.030844485387206078,
  -0.004679875448346138,
  -0.008775177411735058,
  -0.007060864940285683,
  0.011770297773182392,
  0.014949328266084194,
  0.013208743184804916,
  -0.0331827811896801,
  -0.015172649174928665,
  0.023777050897479057,
  0.01426623109728098,
  -0.011592954397201538,
  -0.0009343330166302621,
  0.004660170525312424
]
